Canal: 1
Barco	 Velocidad  	PuntoSalida 	HoraEstimada 	MinutoSalida 	MinLleg
1     	66000		0		0		0		0
16     	580		0		240		117		229
9     	461		0		1320		142		282
21     	506		1		420		282		410
23     	339		0		0		410		601
7     	525		1		1200		601		724
20     	326		1		1200		629		828
25     	459		1		720		720		861
5     	508		1		180		764		891
19     	316		0		720		891		1096
27     	458		0		1020		988		1129
3     	477		0		240		1025		1161
18     	662		1		180		1161		1259
29     	66000		0		1440		1259		1259
Numero de Barcos = 14

Canal: 2
Barco	 Velocidad  	PuntoSalida 	HoraEstimada 	MinutoSalida 	MinLleg
2     	66000		0		0		0		0
15     	361		0		480		0		180
10     	500		1		840		180		310
12     	783		0		1320		310		393
11     	657		1		180		393		491
22     	819		1		120		431		510
8     	555		0		1140		510		627
13     	746		0		1140		561		648
24     	465		1		1020		648		787
6     	480		0		1320		787		922
14     	414		1		540		922		1079
26     	507		1		240		981		1109
4     	322		1		900		1010		1211
17     	527		1		1020		1117		1240
28     	735		0		480		1240		1328
30     	66000		0		1440		1329		1329
Numero de Barcos = 16

