Canal: 1
Barco	 Velocidad  	PuntoSalida 	HoraEstimada 	MinutoSalida 	MinLleg
1     	66000		0		0		0		0
4     	747		0		1860		0		87
7     	843		0		2760		28		105
10     	505		0		300		45		173
13     	495		1		2040		173		304
16     	631		1		1800		225		328
19     	426		1		1560		248		400
22     	780		0		240		400		483
25     	551		1		2220		483		600
28     	569		0		1680		600		714
31     	298		0		1800		626		844
34     	290		1		3000		844		1068
37     	353		0		1680		1068		1252
40     	303		1		720		1252		1466
43     	655		0		2100		1466		1565
46     	613		1		1500		1565		1671
49     	623		0		960		1671		1775
52     	575		1		2820		1775		1888
55     	581		1		1620		1803		1914
58     	610		0		420		1914		2020
61     	245		0		1080		1938		2203
64     	66000		0		3000		2204		2204
Numero de Barcos = 22

Canal: 2
Barco	 Velocidad  	PuntoSalida 	HoraEstimada 	MinutoSalida 	MinLleg
2     	66000		0		0		0		0
5     	289		1		1140		604		828
8     	382		1		2940		698		868
11     	354		0		180		868		1051
14     	543		0		960		960		1079
17     	539		0		1020		1020		1140
20     	303		0		2040		1101		1315
23     	452		0		2580		1206		1349
26     	525		0		2880		1255		1378
29     	475		0		1680		1283		1419
32     	412		1		3000		1419		1576
35     	663		0		2940		1576		1674
38     	377		0		540		1598		1770
41     	734		0		2700		1703		1791
44     	554		1		0		1791		1908
47     	496		1		300		1818		1949
50     	346		0		960		1949		2136
53     	479		1		3000		2136		2271
56     	447		1		660		2167		2312
59     	402		1		1500		2200		2361
62     	717		0		660		2361		2451
65     	66000		0		3000		2452		2452
Numero de Barcos = 22

Canal: 3
Barco	 Velocidad  	PuntoSalida 	HoraEstimada 	MinutoSalida 	MinLleg
3     	66000		0		0		0		0
6     	631		0		780		0		103
9     	505		0		2460		23		151
12     	653		1		240		151		250
15     	561		1		300		173		288
18     	271		0		420		288		527
21     	612		0		1320		446		552
24     	340		0		2940		470		661
27     	320		1		420		661		864
30     	274		0		420		864		1101
33     	499		0		1500		1002		1132
36     	740		0		2280		1066		1153
39     	522		0		840		1086		1210
42     	417		0		2160		1114		1269
45     	229		1		1800		1269		1552
48     	420		0		2280		1552		1706
51     	295		1		1320		1706		1926
54     	372		1		2460		1793		1967
57     	385		1		420		1838		2006
60     	476		0		240		2006		2142
63     	424		1		1200		2142		2295
66     	66000		0		3000		2295		2295
Numero de Barcos = 22

