Canal: 1
Barco	 Velocidad  	PuntoSalida 	HoraEstimada 	MinutoSalida 	MinLleg
1     	66000		0		0		0		0
4     	503		0		60		0		129
7     	325		1		420		129		329
10     	577		1		600		243		355
13     	514		1		300		268		394
16     	512		1		180		297		423
19     	350		1		660		326		511
22     	459		0		120		511		652
25     	656		1		480		652		751
28     	506		0		1440		751		879
31     	502		0		1320		780		909
34     	316		0		420		809		1014
37     	568		0		540		927		1041
40     	479		0		660		953		1088
43     	510		0		600		991		1118
46     	595		0		840		1035		1144
51     	405		0		240		1060		1220
49     	248		0		600		1097		1359
48     	635		0		1200		1281		1383
52     	581		0		1380		1304		1415
53     	715		0		300		1346		1436
54     	66000		0		1440		1437		1437
Numero de Barcos = 22

Canal: 2
Barco	 Velocidad  	PuntoSalida 	HoraEstimada 	MinutoSalida 	MinLleg
2     	66000		0		0		0		0
5     	312		0		600		0		208
8     	582		1		480		208		319
11     	551		0		1080		319		436
14     	449		1		180		436		580
17     	262		0		420		580		828
20     	402		0		480		705		866
23     	397		0		960		742		905
26     	369		1		240		905		1081
29     	776		1		1380		1018		1101
32     	671		1		180		1037		1133
35     	319		0		1320		1133		1336
38     	390		0		0		1209		1375
42     	467		0		360		1269		1408
45     	567		0		1380		1325		1439
55     	66000		0		1440		1440		1440
Numero de Barcos = 16

Canal: 3
Barco	 Velocidad  	PuntoSalida 	HoraEstimada 	MinutoSalida 	MinLleg
3     	66000		0		0		0		0
6     	642		1		1140		0		101
9     	716		1		1440		32		122
12     	295		1		480		52		272
15     	869		0		360		272		346
18     	495		1		1020		346		477
21     	482		1		780		376		510
24     	637		1		0		432		534
27     	836		1		420		475		552
30     	593		0		300		552		661
33     	389		1		420		661		828
36     	472		0		1380		828		965
39     	680		1		480		965		1060
41     	402		1		480		987		1148
44     	380		0		420		1148		1319
47     	863		1		360		1319		1394
50     	673		1		60		1336		1432
56     	66000		0		1440		1432		1432
Numero de Barcos = 18

